C1=[452.112697676552, 466.4154568218226, 595.3795131793661;
  466.4154568218226, 502.4640327185477, 623.0777826905742;
  595.3795131793661, 623.0777826905742, 857.8521313250641];
vec1 = [0.499421555586919, 0.5250211471326723, 0.689152308911923;
  0.4044618522824938, 0.5621569020992355, -0.7213807784176152;
  0.7661518908567386, -0.6390089298951016, -0.06840224887356308];
val1 = [1764.000694976644; 38.48489216418165; 9.943274579338191];
m1 = [80.45817475099199, 89.2647987691311, 121.6285934083732];
C2=[798.0556183273606, 920.0609764074654, 1143.18464154732;
  920.0609764074654, 1118.453197442439, 1369.487347600949;
  1143.18464154732, 1369.487347600949, 1806.533902424772];
vec2 = [0.4595671609125768, 0.548446190036191, 0.6985734043359653;
  0.5325275613340184, 0.4593211845848375, -0.7109419426445629;
  0.710782963379397, -0.6987351615786684, 0.08097377935625107];
val2 = [3633.772429237315; 65.44675332888586; 23.82353562837099];
m2 = [94.17153907976693, 111.0908177617039, 146.2457805907173];
t1 = eye(4);
t2 = eye(4);
Tr1 = eye(4);
Tr2 = eye(4);
Ts1 = eye(4);
Ts2 = eye(4);
Tt1 = eye(4);
Tt2 = eye(4);
Tta = eye(4);
Ttb = eye(4);
Tt1(1:3,4) = -m1';
Tt2(1:3,4) = -m2';
Tta(1:3,4)  = m1;
Ttb(1:3,4) = m2;
Tr1(1:3,1:3) = vec1;
Tr2(1:3,1:3) = vec2';
Ts2(1,1) = sqrt(val1(1)/val2(1));
Ts2(2,2) = sqrt(val1(2)/val2(2));
Ts2(3,3) = sqrt(val1(3)/val2(3));
Ts1(1,1) = sqrt(val2(1)/val1(1));
Ts1(2,2) = sqrt(val2(2)/val1(2));
Ts1(3,3) = sqrt(val2(3)/val1(3));

Tt1
Tr1
Ts1
Tr2
Ttb
T1 = Ttb*Tr2'*Ts1*Tr1*Tt1;
T2 = Tta*Tr1'*Ts2*Tr2*Tt2;
T2*T1
